1 1 0.000000 9.241542
100 100 0.000000 5.526333
101 101 0.000000 5.073542
103 103 0.000000 8.591375
104 104 0.000000 7.441979
105 105 0.000000 6.989187
106 106 0.000000 8.684250
108 108 0.000000 6.408688
109 109 0.000000 6.083625
110 110 0.000000 7.546479
111 111 0.000000 5.863021
112 112 0.000000 7.569687
113 113 0.000000 6.896312
114 114 0.000000 8.347563
116 116 0.000000 9.694313
117 117 0.000000 10.711583
118 118 0.000000 9.813854
124 124 0.000000 9.369250
127 127 0.000000 8.544937
13 13 0.000000 4.969062
132 132 0.000000 8.289521
133 133 0.000000 12.236896
135 135 0.000000 6.397083
136 136 0.000000 5.886250
137 137 0.000000 6.025563
139 139 0.000000 10.890146
14 14 0.000000 10.007792
141 141 0.000000 6.478354
142 142 0.000000 6.246167
143 143 0.000000 10.808875
144 144 0.000000 6.072000
145 145 0.000000 6.431917
14502 14502 0.000000 6.083625
14507 14507 0.000000 8.800354
14520 14520 0.000000 8.080542
14522 14522 0.000000 8.661042
14523 14523 0.000000 4.922625
14532 14532 0.000000 8.521708
14538 14538 0.000000 9.415688
14540 14540 0.000000 7.639354
14551 14551 0.000000 9.984562
146 146 0.000000 4.829750
14602 14602 0.000000 9.369250
14612 14612 0.000000 7.906375
14626 14626 0.000000 8.092146
14630 14630 0.000000 7.720625
14631 14631 0.000000 9.810417
14632 14632 0.000000 12.829021
14636 14636 0.000000 6.362250
14643 14643 0.000000 4.435000
147 147 0.000000 3.993813
14731 14731 0.000000 11.575146
14732 14732 0.000000 7.140125
14733 14733 0.000000 5.120000
14736 14736 0.000000 5.967521
14737 14737 0.000000 8.103750
14739 14739 0.000000 9.427292
14757 14757 0.000000 13.246979
14761 14761 0.000000 5.143208
14763 14763 0.000000 8.045708
14764 14764 0.000000 8.695854
14780 14780 0.000000 7.221396
14781 14781 0.000000 8.080542
14783 14783 0.000000 8.266292
14784 14784 0.000000 7.767062
14786 14786 0.000000 8.521708
14799 14799 0.000000 8.405604
148 148 0.000000 7.790292
14802 14802 0.000000 11.517083
14813 14813 0.000000 9.822021
14818 14818 0.000000 8.684250
14820 14820 0.000000 7.244625
14822 14822 0.000000 8.301125
14840 14840 0.000000 10.408417
14841 14841 0.000000 6.234542
14845 14845 0.000000 10.367708
14856 14856 0.000000 11.865396
14858 14858 0.000000 9.868479
14865 14865 0.000000 6.327438
14876 14876 0.000000 7.569687
14878 14878 0.000667 8.556542
14879 14879 0.000000 7.894771
14880 14880 0.000000 13.421125
14881 14881 0.000000 8.510104
14882 14882 0.000000 9.845250
14883 14883 0.000000 8.475271
14890 14890 0.000000 8.150187
14892 14892 0.000000 12.620042
14896 14896 0.000000 6.327438
149 149 0.000000 8.196625
14902 14902 0.000000 11.250063
14906 14906 0.000000 9.264750
14910 14910 0.000000 7.650958
14916 14916 0.000000 11.482250
14919 14919 0.000000 6.884708
14920 14920 0.000000 5.851417
14924 14924 0.000000 6.211333
14931 14931 0.000000 10.495417
14932 14932 0.000000 9.926521
14933 14933 0.000000 9.601437
14934 14934 0.000000 11.447437
14938 14938 0.000000 11.226833
14942 14942 0.000000 11.215229
14943 14943 0.000000 10.274812
14944 14944 0.000000 8.870021
14950 14950 0.000000 10.054229
14951 14951 0.000000 10.774042
14954 14954 0.000000 6.687333
14955 14955 0.000667 8.126979
14956 14956 0.000000 11.389375
14957 14957 0.000000 9.520167
14958 14958 0.000000 14.303479
14959 14959 0.000000 10.437354
14960 14960 0.000000 7.383938
14961 14961 0.000000 8.150187
14962 14962 0.000000 6.606063
14963 14963 0.000000 11.621583
14964 14964 0.000000 12.109188
14966 14966 0.000000 8.591375
14967 14967 0.000000 4.945833
14973 14973 0.000000 7.523250
14983 14983 0.000000 8.486875
14986 14986 0.000000 7.140125
14988 14988 0.000000 7.082083
14989 14989 0.000000 7.523250
14990 14990 0.000000 7.221396
14992 14992 0.000000 6.629292
14997 14997 0.000000 6.861479
15 15 0.000000 5.572771
15000 15000 0.000000 7.198167
15001 15001 0.000000 5.514729
15002 15002 0.000000 5.061937
15004 15004 0.000667 7.825104
15006 15006 0.000000 5.874646
15010 15010 0.000000 7.476813
15016 15016 0.000000 8.707479
15018 15018 0.000000 12.910292
15019 15019 0.000000 6.791833
15020 15020 0.000000 6.733771
15022 15022 0.000000 8.266292
15025 15025 0.000000 7.383938
15026 15026 0.000000 9.578229
15034 15034 0.000000 7.523250
15042 15042 0.000000 6.315812
15043 15043 0.000000 11.865396
15044 15044 0.000000 11.795729
15086 15086 0.000000 11.366167
151 151 0.000000 4.783292
15195 15195 0.000000 8.719083
15202 15202 0.000000 10.518625
15207 15207 0.000000 9.903292
15212 15212 0.000000 13.781042
15221 15221 0.000000 6.536417
15225 15225 0.000000 8.707479
15268 15268 0.000000 7.569687
15284 15284 0.000000 4.191187
15285 15285 0.000000 5.166437
153 153 0.000000 6.234542
15322 15322 0.000000 7.291062
15483 15483 0.000000 7.767062
155 155 0.000000 4.969062
15501 15501 0.000000 5.131604
15518 15518 0.000000 5.375417
15520 15520 0.000000 7.755458
156 156 0.000000 6.687333
15637 15637 0.000000 6.513187
15638 15638 0.000000 7.790292
15640 15640 0.000000 8.010875
15658 15658 0.000000 9.322792
15687 15687 0.000000 7.151729
157 157 0.000000 6.130063
15703 15703 0.000000 7.233000
15706 15706 0.000000 5.990729
15707 15707 0.000000 6.466750
15720 15720 0.000000 5.224479
15721 15721 0.000000 10.646333
15763 15763 0.000000 8.649417
158 158 0.000000 6.780208
15805 15805 0.000000 9.589833
15834 15834 0.000000 5.131604
15861 15861 0.000000 6.501583
15897 15897 0.000000 4.980667
159 159 0.000000 4.516271
15921 15921 0.000000 5.363792
160 160 0.000000 3.993813
161 161 0.000000 6.791833
16124 16124 0.000000 7.709021
16132 16132 0.000000 7.407146
16136 16136 0.000000 4.899396
16202 16202 0.000000 5.352188
16296 16296 0.000000 4.191187
16297 16297 0.000667 7.372333
163 163 0.000000 4.493042
16324 16324 0.000000 5.828208
16345 16345 0.000000 6.269375
16346 16346 0.000000 11.250063
16347 16347 0.000000 12.759354
16348 16348 0.000000 7.685792
16349 16349 0.000000 9.531771
16350 16350 0.000000 8.637813
16351 16351 0.000000 9.195083
16368 16368 0.000000 10.646333
164 164 0.000000 5.143208
16407 16407 0.000000 6.072000
16412 16412 0.000000 5.479896
16413 16413 0.000000 14.036458
16414 16414 0.000000 9.438896
166 166 0.000000 5.804979
167 167 0.000000 6.280979
16765 16765 0.000000 5.735313
17 17 0.000000 5.990729
172 172 0.000000 5.131604
173 173 0.000000 4.690417
175 175 0.000000 5.584396
176 176 0.000000 6.350646
177 177 0.000000 8.045708
178 178 0.000000 9.055771
179 179 0.000000 7.592917
18 18 0.000000 4.295687
181 181 0.000000 6.849875
18132 18132 0.000000 7.732229
18133 18133 0.000000 14.930417
18134 18134 0.000000 14.942021
18135 18135 0.000000 11.250063
18136 18136 0.000000 15.058125
18137 18137 0.000000 14.222208
18149 18149 0.000000 9.508563
18150 18150 0.000000 7.732229
18151 18151 0.000000 8.161812
18155 18155 0.000000 15.371604
18156 18156 0.000000 8.335958
18157 18157 0.000000 9.613042
18158 18158 0.000000 10.878542
18159 18159 0.000000 12.167250
18160 18160 0.000000 12.155646
18161 18161 0.000000 14.257042
18162 18162 0.000000 8.301125
18163 18163 0.000000 8.103750
18164 18164 0.000000 8.301125
18166 18166 0.000000 10.170333
18168 18168 0.000000 13.119271
18169 18169 0.000000 11.354542
18171 18171 0.000000 15.267104
18172 18172 0.000000 10.983021
18176 18176 0.000000 12.852229
18177 18177 0.000000 7.233000
18178 18178 0.000000 5.410229
18180 18180 0.000000 8.742313
18181 18181 0.000000 16.300396
18184 18184 0.000000 10.785667
18185 18185 0.000000 8.939667
18187 18187 0.000000 11.319708
18190 18190 0.000000 12.167250
18194 18194 0.000000 8.881625
182 182 0.000000 9.462125
18215 18215 0.000000 5.375417
18216 18216 0.000000 8.870021
18219 18219 0.000000 8.719083
18220 18220 0.000000 10.274812
18223 18223 0.000000 7.488417
18224 18224 0.000000 7.883167
18225 18225 0.000000 8.928062
18227 18227 0.000000 8.568146
18230 18230 0.000000 10.425750
18231 18231 0.000000 6.188104
18232 18232 0.000000 11.760896
18233 18233 0.000000 8.661042
18234 18234 0.000000 6.466750
18235 18235 0.000000 5.305750
18238 18238 0.000000 4.829750
18239 18239 0.000000 6.013958
18240 18240 0.000000 9.183479
18242 18242 0.000000 7.070458
18244 18244 0.000000 5.990729
18247 18247 0.000000 4.469833
18252 18252 0.000000 7.964437
18296 18296 0.000000 6.304208
183 183 0.000000 7.790292
18307 18307 0.000000 7.534875
18308 18308 0.000000 5.630833
18326 18326 0.000000 6.315812
18337 18337 0.000000 7.012417
18356 18356 0.000000 6.443521
18375 18375 0.000000 5.572771
18377 18377 0.000000 5.596000
18378 18378 0.000000 5.027104
18380 18380 0.000000 8.277896
18387 18387 0.000000 6.977583
18392 18392 0.000000 7.430375
18394 18394 0.000000 9.380854
184 184 0.000000 5.015500
18402 18402 0.000000 6.803438
18406 18406 0.000000 7.395542
18410 18410 0.000000 4.481438
18415 18415 0.000000 6.733771
18418 18418 0.000000 8.045708
18423 18423 0.000000 5.921083
18427 18427 0.000000 9.845250
18432 18432 0.000000 7.569687
18438 18438 0.000000 6.849875
18446 18446 0.000000 7.151729
18455 18455 0.000000 5.479896
18458 18458 0.000000 7.859938
18470 18470 0.000000 7.186562
18471 18471 0.000000 5.712104
18475 18475 0.000000 9.961354
18482 18482 0.000000 6.536417
18483 18483 0.000000 7.709021
18497 18497 0.000000 5.421854
18498 18498 0.000000 5.828208
185 185 0.000000 9.485333
18503 18503 0.000000 8.707479
18509 18509 0.000000 6.977583
18512 18512 0.000000 8.556542
18535 18535 0.000000 8.510104
18538 18538 0.000000 5.781750
18541 18541 0.000000 6.002354
18543 18543 0.000000 5.456688
18546 18546 0.000000 7.964437
18548 18548 0.000000 6.315812
18552 18552 0.000000 8.510104
18553 18553 0.000000 7.233000
18559 18559 0.000000 6.861479
18562 18562 0.000000 5.224479
18564 18564 0.000000 6.942750
18567 18567 0.000000 8.777125
18568 18568 0.000000 6.327438
18569 18569 0.000000 8.010875
18570 18570 0.000000 6.141667
18571 18571 0.000000 9.264750
18578 18578 0.000000 6.048792
18579 18579 0.000000 5.375417
18580 18580 0.000000 4.376958
18582 18582 0.000000 8.463667
18584 18584 0.000000 6.873104
18590 18590 0.000000 8.057313
186 186 0.000000 8.092146
18601 18601 0.000000 5.921083
18606 18606 0.000000 8.521708
18610 18610 0.000000 5.247708
18624 18624 0.000000 9.694313
18639 18639 0.000000 8.579771
18641 18641 0.000000 5.688875
18642 18642 0.000000 7.941208
18646 18646 0.000000 5.654042
18655 18655 0.000000 6.269375
18658 18658 0.000000 6.269375
18670 18670 0.000000 5.712104
18680 18680 0.000000 8.939667
18681 18681 0.000000 8.858396
18686 18686 0.000000 6.455146
187 187 0.000000 7.767062
18706 18706 0.000000 12.236896
18707 18707 0.000000 8.602979
18709 18709 0.000000 6.582854
18711 18711 0.000000 5.201250
18720 18720 0.000000 6.002354
18747 18747 0.000000 9.079000
18755 18755 0.000000 4.365333
18758 18758 0.000000 9.856854
18760 18760 0.000000 5.804979
18768 18768 0.000000 8.753917
18769 18769 0.000000 4.794917
18772 18772 0.000000 7.465208
18786 18786 0.000000 11.517083
18796 18796 0.000000 8.402188
18804 18804 0.000000 9.160271
18813 18813 0.000000 8.080542
18835 18835 0.000000 8.382396
18837 18837 0.000000 8.730688
18838 18838 0.000000 9.450521
18841 18841 0.000000 9.613042
18851 18851 0.000000 9.067375
18858 18858 0.000000 6.652500
18861 18861 0.000000 6.780208
18862 18862 0.000000 9.763979
18867 18867 0.000000 9.032542
18870 18870 0.000000 10.065833
18873 18873 0.000000 8.695854
18886 18886 0.000000 9.218312
18893 18893 0.000000 10.437354
18899 18899 0.000000 6.118437
189 189 0.000000 7.291062
18904 18904 0.000000 8.335958
18906 18906 0.000000 6.698938
18908 18908 0.000000 6.188104
18909 18909 0.000000 7.082083
18910 18910 0.000000 9.613042
18912 18912 0.000000 7.604521
18915 18915 0.000000 6.733771
18919 18919 0.000000 8.974500
18934 18934 0.000000 8.672646
18935 18935 0.000000 6.455146
18936 18936 0.000000 6.420312
18943 18943 0.000000 7.952833
18944 18944 0.000000 7.883167
18947 18947 0.000000 8.626208
18951 18951 0.000000 7.000813
18955 18955 0.000000 10.576688
18959 18959 0.000000 10.274812
18964 18964 0.000000 7.418771
18982 18982 0.000000 5.154813
18989 18989 0.000000 7.395542
18991 18991 0.000000 9.636271
18993 18993 0.000000 7.976042
18997 18997 0.000000 4.620771
19 19 0.000000 5.572771
19001 19001 0.000000 9.845250
19005 19005 0.000000 8.382396
19010 19010 0.000000 7.116896
19011 19011 0.000000 7.976042
19015 19015 0.000000 6.327438
19024 19024 0.000000 7.523250
19028 19028 0.000000 7.198167
19063 19063 0.000000 8.486875
19065 19065 0.000000 6.536417
19067 19067 0.000000 7.964437
19075 19075 0.000000 7.418771
19076 19076 0.000000 9.740771
19090 19090 0.000000 7.825104
19091 19091 0.000000 9.067375
19095 19095 0.000000 5.352188
19096 19096 0.000000 7.523250
19099 19099 0.000000 7.233000
191 191 0.000000 6.083625
19103 19103 0.000000 5.642437
19109 19109 0.000000 6.002354
19111 19111 0.000000 6.879333
19113 19113 0.000000 5.863021
19116 19116 0.000000 7.058854
19118 19118 0.000000 7.906375
19121 19121 0.000000 6.234542
19122 19122 0.000000 6.571229
19132 19132 0.000000 5.944292
19138 19138 0.000000 6.164896
19141 19141 0.000000 5.851417
19142 19142 0.000000 5.212875
19157 19157 0.000000 6.072000
19160 19160 0.000000 6.350646
19163 19163 0.000000 9.752375
19165 19165 0.000000 9.125438
19177 19177 0.000000 8.382396
19180 19180 0.000000 8.870021
19181 19181 0.000000 10.774042
19194 19194 0.000000 6.710562
19197 19197 0.000000 6.536417
192 192 0.000000 6.420312
19201 19201 0.000000 11.818938
19211 19211 0.000000 7.720625
19212 19212 0.000000 9.346021
19213 19213 0.000000 7.581313
19218 19218 0.000000 8.428833
19224 19224 0.000000 7.233000
19225 19225 0.000000 5.166437
19229 19229 0.000000 6.768604
19234 19234 0.000000 8.788750
19237 19237 0.000000 7.453604
19241 19241 0.000000 7.279438
19251 19251 0.000000 8.196625
19263 19263 0.000000 4.353729
19267 19267 0.000000 6.431917
19271 19271 0.000000 4.771687
19276 19276 0.000000 6.455146
19280 19280 0.000000 6.954375
19281 19281 0.000000 7.697396
19295 19295 0.000000 7.639354
19298 19298 0.000000 5.433458
19304 19304 0.000000 7.012417
19310 19310 0.000000 6.397083
19316 19316 0.000000 6.664125
19321 19321 0.000000 9.522625
19325 19325 0.000000 6.037187
19327 19327 0.000000 7.720625
19333 19333 0.000000 9.914917
19337 19337 0.000000 8.568146
19347 19347 0.000000 10.623125
19348 19348 0.000000 9.705937
19357 19357 0.000000 8.591375
19360 19360 0.000000 7.790292
19366 19366 0.000000 6.489958
19367 19367 0.000000 9.067375
19371 19371 0.000000 6.617667
19372 19372 0.000000 7.383938
19374 19374 0.000000 6.606063
19376 19376 0.000000 9.146562
19387 19387 0.000000 9.972958
19396 19396 0.000000 5.897854
19399 19399 0.000000 5.120000
194 194 0.000000 6.350646
19400 19400 0.000000 8.335958
19404 19404 0.000000 7.233000
19406 19406 0.000000 8.463667
19410 19410 0.000000 8.324333
19413 19413 0.000000 5.491500
19414 19414 0.000000 6.118437
19423 19423 0.000000 8.997729
19429 19429 0.000000 8.858396
19439 19439 0.000000 5.212875
19440 19440 0.000000 4.411771
19449 19449 0.000000 7.233000
19451 19451 0.000000 6.350646
19454 19454 0.000000 5.456688
19477 19477 0.000000 8.684250
19482 19482 0.000000 7.151729
19488 19488 0.000000 7.685792
19496 19496 0.000000 5.886250
19499 19499 0.000000 6.954375
195 195 0.000000 5.561167
19501 19501 0.000000 6.222937
19506 19506 0.000000 7.383938
19509 19509 0.000000 6.524792
19510 19510 0.000000 5.398625
19511 19511 0.000000 6.652500
19521 19521 0.000000 6.025563
19522 19522 0.000000 7.604521
19524 19524 0.000000 6.664125
19529 19529 0.000000 8.568146
19540 19540 0.000000 8.777125
19542 19542 0.000000 8.138583
19543 19543 0.000000 7.241187
19548 19548 0.000000 6.292604
19550 19550 0.000000 7.604521
19551 19551 0.000000 6.629292
19554 19554 0.000000 8.893229
19556 19556 0.000000 7.430375
19558 19558 0.000000 10.065833
19565 19565 0.000000 11.888604
19569 19569 0.000000 8.324333
19576 19576 0.000000 5.712104
19581 19581 0.000000 6.639687
19584 19584 0.000000 6.222937
19585 19585 0.000000 5.282521
19587 19587 0.000000 6.048792
19590 19590 0.000000 7.592917
19595 19595 0.000000 7.778667
19598 19598 0.000000 6.664125
196 196 0.000000 5.700479
19601 19601 0.000000 10.611500
19604 19604 0.000000 8.289521
19605 19605 0.000000 8.510104
19608 19608 0.000000 6.675729
19611 19611 0.000000 7.685792
19612 19612 0.000000 10.390917
19621 19621 0.000000 6.861479
19622 19622 0.000000 9.775583
19627 19627 0.000000 8.347563
19631 19631 0.000000 8.138583
19635 19635 0.000000 7.836729
19638 19638 0.000000 8.099521
19651 19651 0.000000 7.511646
19658 19658 0.000000 9.601437
19659 19659 0.000000 6.675729
19673 19673 0.000000 7.113417
19676 19676 0.000000 7.894771
19683 19683 0.000000 6.420312
19684 19684 0.000000 7.836729
19688 19688 0.000000 8.126979
19692 19692 0.000000 6.780208
19695 19695 0.000000 5.897854
197 197 0.000000 5.932688
19700 19700 0.000000 8.103750
19702 19702 0.000000 8.126979
19703 19703 0.000000 7.976042
19705 19705 0.000000 8.022479
19713 19713 0.000000 6.815042
19714 19714 0.000000 8.904833
19723 19723 0.000000 8.928062
19726 19726 0.000000 6.977583
19748 19748 0.000000 5.003896
19749 19749 0.000000 11.296500
19753 19753 0.000000 4.446604
19760 19760 0.000000 7.012417
19763 19763 0.000000 7.151729
19764 19764 0.000000 6.582854
19775 19775 0.000000 5.607604
19778 19778 0.000000 4.191187
19782 19782 0.000000 9.241542
19783 19783 0.000000 12.469104
19785 19785 0.000000 5.735313
19787 19787 0.000000 8.452063
19789 19789 0.000000 6.025563
19791 19791 0.000000 7.918000
19797 19797 0.000000 6.397083
19798 19798 0.000000 9.856854
198 198 0.000000 6.826667
19801 19801 0.000000 5.317354
19812 19812 0.000000 6.559625
19826 19826 0.000000 6.234542
19851 19851 0.000000 8.227771
19854 19854 0.000000 5.665667
19855 19855 0.000000 8.243083
19864 19864 0.000000 8.521708
19874 19874 0.000000 8.312729
19875 19875 0.000000 5.955917
19877 19877 0.000000 7.349104
19884 19884 0.000000 6.617667
19888 19888 0.000000 8.870021
19889 19889 0.000000 8.010875
199 199 0.000000 8.510104
19902 19902 0.000000 6.489958
19903 19903 0.000000 8.811958
19907 19907 0.000000 11.342937
19913 19913 0.000000 5.909458
19917 19917 0.000000 5.770146
19918 19918 0.000000 8.068917
19920 19920 0.000000 9.903292
19926 19926 0.000000 10.704396
19928 19928 0.000000 6.397083
19931 19931 0.000000 6.048792
19935 19935 0.000000 9.229917
19938 19938 0.000000 4.632375
19944 19944 0.000000 5.735313
19946 19946 0.000000 5.305750
19947 19947 0.000000 6.989187
19948 19948 0.000000 7.783958
19949 19949 0.000000 6.397083
19951 19951 0.000000 9.717542
19952 19952 0.000000 7.500042
19955 19955 0.000000 6.118437
19957 19957 0.000000 6.829708
19959 19959 0.000000 8.022479
19976 19976 0.000000 7.685792
19979 19979 0.000000 5.433458
19981 19981 0.000000 6.083625
19984 19984 0.000000 7.778667
19990 19990 0.000000 10.657958
19998 19998 0.000000 8.881625
200 200 0.000000 5.688875
20001 20001 0.000000 8.370792
20005 20005 0.000000 4.899396
20020 20020 0.000000 7.465208
20022 20022 0.000000 10.669562
20029 20029 0.000000 7.894771
20038 20038 0.000000 9.822021
20042 20042 0.000000 10.971417
20051 20051 0.000000 9.241542
20055 20055 0.000000 7.639354
20062 20062 0.000000 6.896312
20080 20080 0.000000 9.938125
20087 20087 0.000000 5.305750
20095 20095 0.000000 8.788750
201 201 0.000000 5.398625
20109 20109 0.000000 7.592917
20119 20119 0.000000 6.791833
20120 20120 0.000000 7.000813
20121 20121 0.000000 7.813500
20128 20128 0.000000 6.524792
20144 20144 0.000000 5.085167
20147 20147 0.000000 7.581313
20183 20183 0.000000 6.327438
20185 20185 0.000000 7.128521
202 202 0.000000 7.383938
20205 20205 0.000000 5.979125
20208 20208 0.000000 9.752375
20216 20216 0.000000 5.410229
20219 20219 0.000000 6.687333
20224 20224 0.000000 6.373875
20231 20231 0.000000 8.823562
20232 20232 0.000000 7.813500
20234 20234 0.000000 7.418771
20236 20236 0.000000 10.704396
20237 20237 0.000000 9.055771
20239 20239 0.000000 10.878542
20251 20251 0.000000 7.395542
20255 20255 0.000000 6.408688
20256 20256 0.000000 5.897854
20257 20257 0.000000 9.740646
20268 20268 0.000000 6.385479
20273 20273 0.000000 7.767062
20278 20278 0.000000 4.887792
20279 20279 0.000000 8.312729
20284 20284 0.000000 9.212333
20291 20291 0.000000 7.546479
20293 20293 0.000000 6.257771
20295 20295 0.000000 7.987646
20297 20297 0.000000 7.674188
20298 20298 0.000000 8.881625
20303 20303 0.000000 7.267833
20304 20304 0.000000 5.967521
20305 20305 0.000000 7.709021
20309 20309 0.000000 6.304208
20311 20311 0.000000 4.818125
20315 20315 0.000000 6.931146
20324 20324 0.000000 8.614583
20327 20327 0.000000 7.070458
20332 20332 0.000000 7.372333
20339 20339 0.000000 4.539500
20346 20346 0.000000 6.606063
20356 20356 0.000000 6.803438
20360 20360 0.000000 6.629292
20371 20371 0.000000 10.472188
20390 20390 0.000000 5.375417
20395 20395 0.000000 4.446604
20396 20396 0.000000 4.585938
20397 20397 0.000000 6.617667
20399 20399 0.000000 8.389896
204 204 0.000000 7.836729
20402 20402 0.000000 6.652500
20406 20406 0.000000 6.931146
20408 20408 0.000000 4.086708
20410 20410 0.000000 4.736854
20413 20413 0.000000 3.866104
20422 20422 0.000000 6.292604
20427 20427 0.000000 7.929604
20435 20435 0.000000 7.383938
20438 20438 0.000000 7.174958
20440 20440 0.000000 5.607604
20442 20442 0.000000 8.377062
20445 20445 0.000000 7.221396
20447 20447 0.000000 4.829750
20461 20461 0.000000 12.376229
20464 20464 0.000000 8.521708
20465 20465 0.000000 7.848333
20482 20482 0.000000 6.048792
20484 20484 0.000000 8.115354
20488 20488 0.000000 8.742313
20489 20489 0.000000 7.163354
20495 20495 0.000000 7.024021
20496 20496 0.000000 6.397083
205 205 0.000000 5.654042
20503 20503 0.000000 7.674188
20504 20504 0.000000 9.183479
20512 20512 0.000000 6.768604
20513 20513 0.000000 7.616125
20516 20516 0.000000 5.085167
20517 20517 0.000000 5.955917
20520 20520 0.000000 9.810417
20523 20523 0.000000 6.942750
20524 20524 0.000000 6.582854
20532 20532 0.000000 11.029458
20535 20535 0.000000 5.572771
20547 20547 0.000000 7.685792
20549 20549 0.000000 8.010875
20554 20554 0.000000 4.435000
20555 20555 0.000000 5.764167
20558 20558 0.000000 10.472188
20561 20561 0.000000 11.168792
20575 20575 0.000000 5.387021
20576 20576 0.000000 6.466750
20582 20582 0.000000 7.848333
20584 20584 0.000000 7.743854
20587 20587 0.000000 7.999271
20589 20589 0.000000 7.476813
20597 20597 0.000000 7.337500
206 206 0.000000 7.685792
20604 20604 0.000000 8.707479
20605 20605 0.000000 7.314271
20606 20606 0.000000 6.965979
20607 20607 0.000000 5.944292
20616 20616 0.000000 6.420312
20617 20617 0.000000 7.743854
20621 20621 0.000000 7.650958
20622 20622 0.000000 7.709021
20629 20629 0.000000 7.441979
20633 20633 0.000000 5.421854
20635 20635 0.000000 6.408688
20643 20643 0.000000 6.826667
20644 20644 0.000000 7.198167
20645 20645 0.000000 6.664125
20663 20663 0.000000 9.763979
20665 20665 0.000000 4.597542
20668 20668 0.000000 8.126979
20673 20673 0.000000 6.362250
20674 20674 0.000000 5.619208
20675 20675 0.000000 5.735313
20679 20679 0.000000 7.128521
20698 20698 0.000000 6.629292
20699 20699 0.000000 7.105292
207 207 0.000000 8.556542
20702 20702 0.000000 8.986104
20708 20708 0.000000 8.719083
20709 20709 0.000000 7.430375
20710 20710 0.000000 7.709021
20714 20714 0.000000 8.602979
20729 20729 0.000000 6.188104
20739 20739 0.000000 5.398625
20740 20740 0.000000 7.790292
20751 20751 0.000000 4.829750
20754 20754 0.000000 8.428833
20755 20755 0.000000 6.373875
208 208 0.000000 10.692771
209 209 0.000000 5.793375
20913 20913 0.000000 6.849875
20914 20914 0.000000 11.308104
20923 20923 0.000000 7.256229
20926 20926 0.000000 8.126979
20928 20928 0.000000 8.637813
20935 20935 0.000000 5.665667
20954 20954 0.000000 13.049604
20955 20955 0.000000 8.788750
20959 20959 0.000000 7.221396
20961 20961 0.000000 8.719083
20982 20982 0.000000 8.602979
20988 20988 0.000000 5.201250
20992 20992 0.000000 7.198167
21002 21002 0.000000 9.160271
21005 21005 0.000000 12.387833
21017 21017 0.000000 8.951292
21020 21020 0.000000 6.815042
21022 21022 0.000000 9.102208
21028 21028 0.000000 6.420312
21030 21030 0.000000 7.825104
21033 21033 0.000000 7.082000
21038 21038 0.000000 4.643979
21043 21043 0.000000 7.964437
21045 21045 0.000000 4.260854
21055 21055 0.000000 8.510104
21061 21061 0.000000 8.115354
21072 21072 0.000000 6.907917
21075 21075 0.000000 7.558083
21082 21082 0.000000 5.909458
21084 21084 0.000000 7.360708
21085 21085 0.000000 7.000813
21088 21088 0.000000 9.392458
21097 21097 0.000000 8.498500
21098 21098 0.000000 6.896312
211 211 0.000667 6.907917
21100 21100 0.000000 9.253146
21101 21101 0.000000 9.868479
21103 21103 0.000000 7.082083
21107 21107 0.000000 6.269375
21109 21109 0.000000 7.767062
21113 21113 0.000000 6.408688
21115 21115 0.000000 5.665667
21129 21129 0.000000 8.835187
21139 21139 0.000000 9.949750
21143 21143 0.000000 6.745396
21144 21144 0.000000 8.974500
21147 21147 0.000000 6.327438
21148 21148 0.000000 6.675729
21158 21158 0.000000 7.082083
21165 21165 0.000000 9.090604
21170 21170 0.000000 7.024021
21175 21175 0.000000 8.277896
21176 21176 0.000000 6.315812
21178 21178 0.000000 5.619208
21192 21192 0.000000 8.080542
21193 21193 0.000000 5.491500
21199 21199 0.000000 6.466750
212 212 0.000000 5.758542
21201 21201 0.000000 7.174958
21210 21210 0.000000 6.571229
21214 21214 0.000000 7.012417
21228 21228 0.000000 7.012417
21235 21235 0.000000 9.624667
21239 21239 0.000000 9.415688
21248 21248 0.000000 9.009333
21252 21252 0.000000 8.092146
21266 21266 0.000000 8.405604
21269 21269 0.000000 7.407146
21270 21270 0.000000 7.325875
21271 21271 0.000000 7.233000
21282 21282 0.000000 9.810417
21287 21287 0.000000 6.791833
21290 21290 0.000000 5.212875
213 213 0.000000 7.163354
21307 21307 0.000000 5.851417
21308 21308 0.000000 7.244625
21309 21309 0.000000 7.743854
21310 21310 0.000000 8.277896
21312 21312 0.000000 7.941208
21348 21348 0.000000 6.513187
21349 21349 0.000000 5.723708
21362 21362 0.000000 10.123896
21363 21363 0.000000 10.251604
21366 21366 0.000000 8.394000
21368 21368 0.000000 6.060396
21372 21372 0.000000 8.788750
21375 21375 0.000000 6.408688
21379 21379 0.000000 6.757000
21382 21382 0.000000 6.489958
21385 21385 0.000000 7.964437
21388 21388 0.000000 6.060396
21397 21397 0.000000 5.514729
214 214 0.000000 5.108375
21401 21401 0.000000 9.868479
21402 21402 0.000000 7.360708
21403 21403 0.000000 6.269375
21411 21411 0.000000 6.815042
21412 21412 0.000000 8.428833
21414 21414 0.000000 8.521708
21420 21420 0.000000 8.030646
21422 21422 0.000000 7.221396
21424 21424 0.000000 8.068917
21425 21425 0.000000 5.979125
21433 21433 0.000000 8.800354
21447 21447 0.000000 7.999271
21449 21449 0.000000 7.221396
21475 21475 0.000000 7.627750
21479 21479 0.000000 7.674188
21481 21481 0.000000 4.133146
21492 21492 0.000000 6.559625
21498 21498 0.000000 6.582854
21500 21500 0.000000 8.092146
21502 21502 0.000000 7.999271
21503 21503 0.000000 9.264750
21505 21505 0.000000 7.302667
21511 21511 0.000000 6.385479
21515 21515 0.000000 11.180396
21517 21517 0.000000 8.289521
21521 21521 0.000000 6.339042
21525 21525 0.000000 8.997729
21526 21526 0.000000 5.549563
21536 21536 0.000000 5.015500
21539 21539 0.000000 8.219854
21540 21540 0.000000 4.713646
21544 21544 0.000000 6.559625
21546 21546 0.000000 6.141667
21547 21547 0.000000 5.804979
21560 21560 0.000000 6.757000
21567 21567 0.000000 9.705937
21569 21569 0.000000 5.630833
21571 21571 0.000000 4.609146
21575 21575 0.000000 7.221396
21584 21584 0.000000 4.702021
21590 21590 0.000000 6.246167
21591 21591 0.000000 8.533333
21592 21592 0.000000 6.733771
21596 21596 0.000000 6.141667
21597 21597 0.000000 3.831292
21598 21598 0.000000 5.735313
21604 21604 0.000000 6.698938
21605 21605 0.000000 7.720625
21609 21609 0.000000 5.514729
21623 21623 0.000000 7.871562
21624 21624 0.000000 8.719083
21675 21675 0.000000 8.359167
21726 21726 0.000000 5.189646
21740 21740 0.000000 6.280979
21744 21744 0.000000 6.292604
218 218 0.000000 6.919542
219 219 0.000000 4.202792
22 22 0.000000 3.912542
220 220 0.000000 6.013958
222 222 0.000000 7.767062
223 223 0.000000 5.897854
227 227 0.000000 5.863021
229 229 0.000000 5.247708
231 231 0.000000 7.349104
233 233 0.000000 8.498500
234 234 0.000000 6.710562
235 235 0.000000 5.851417
236 236 0.000000 5.793375
238 238 0.000000 10.135500
240 240 0.000000 6.478354
241 241 0.000000 6.327438
242 242 0.000000 4.876188
243 243 0.000000 5.816583
244 244 0.000000 5.770146
246 246 0.000000 7.337500
249 249 0.000000 6.919542
250 250 0.000000 5.503125
251 251 0.000000 6.141667
253 253 0.000000 7.934708
254 254 0.000000 4.632375
257 257 0.000000 6.013958
258 258 0.000000 5.654042
259 259 0.000000 7.430375
260 260 0.000000 6.327438
261 261 0.000000 8.463667
264 264 0.000000 5.549563
265 265 0.000000 6.768604
266 266 0.000000 8.916458
268 268 0.000000 6.176500
269 269 0.000000 5.863021
271 271 0.000000 8.649417
272 272 0.000000 7.047250
274 274 0.000000 6.826667
275 275 0.000000 5.770146
277 277 0.000000 8.277896
278 278 0.000000 6.838271
281 281 0.000000 8.335958
282 282 0.000000 8.161812
283 283 0.000000 4.934229
284 284 0.000000 7.778667
288 288 0.000000 6.710562
289 289 0.000000 8.811958
290 290 0.000000 7.952833
293 293 0.000000 5.410229
294 294 0.000000 6.246167
295 295 0.000000 5.770146
297 297 0.000000 5.549563
299 299 0.000000 5.630833
3 3 0.000000 4.969062
300 300 0.000000 6.257771
301 301 0.000000 9.740771
303 303 0.000000 5.936021
304 304 0.000000 6.466750
305 305 0.000000 4.481438
307 307 0.000000 6.431917
308 308 0.000000 4.365333
309 309 0.000000 4.678813
310 310 0.000000 6.420312
311 311 0.000000 5.131604
312 312 0.000000 4.423396
313 313 0.000000 5.363792
314 314 0.000000 5.514729
315 315 0.000000 3.459771
317 317 0.000000 4.702021
318 318 0.000000 8.730688
32 32 0.000000 8.138583
320 320 0.000667 6.280979
322 322 0.000667 5.828208
323 323 0.000000 4.469833
325 325 0.000000 4.202792
328 328 0.000000 8.219854
33 33 0.000000 4.725250
331 331 0.000000 7.035646
333 333 0.000000 4.725250
336 336 0.000000 4.818125
337 337 0.000000 4.098312
338 338 0.000000 5.398625
339 339 0.000000 6.083625
34 34 0.000000 5.897854
340 340 0.000000 6.907917
341 341 0.000000 6.652500
342 342 0.000000 7.743854
345 345 0.000000 6.873104
346 346 0.000000 7.755458
348 348 0.000000 7.070458
35 35 0.000000 4.481438
351 351 0.000000 8.602979
354 354 0.000000 5.410229
356 356 0.000000 5.317354
357 357 0.000000 5.804979
358 358 0.000000 4.980667
36 36 0.000000 5.410229
360 360 0.000000 7.000813
361 361 0.000000 4.226021
362 362 0.000000 6.606063
363 363 0.000000 4.736854
364 364 0.000000 4.864562
365 365 0.000000 7.778667
366 366 0.000000 7.720625
367 367 0.000000 4.841354
37 37 0.000000 5.642437
370 370 0.000000 6.222937
372 372 0.000000 5.723708
373 373 0.000000 9.067375
374 374 0.000000 8.412271
375 375 0.000000 5.038729
376 376 0.000000 5.305750
377 377 0.000000 4.922625
378 378 0.000000 8.068917
379 379 0.000000 6.443521
38 38 0.000000 7.372333
381 381 0.000000 6.757000
382 382 0.000000 6.397083
384 384 0.000000 5.909458
386 386 0.000000 7.952833
388 388 0.000000 5.131604
389 389 0.000000 6.907917
392 392 0.000000 10.390917
393 393 0.000000 7.279438
394 394 0.000000 4.980667
396 396 0.000000 4.632375
398 398 0.000000 6.606063
399 399 0.000000 8.347563
40 40 0.000000 6.048792
400 400 0.000000 7.186562
401 401 0.000000 5.944292
402 402 0.000000 8.185021
404 404 0.000000 5.201250
405 405 0.000000 5.607604
406 406 0.000000 5.387021
407 407 0.000000 6.234542
41 41 0.000000 4.887792
411 411 0.000000 5.561167
413 413 0.000000 6.060396
414 414 0.000000 4.841354
415 415 0.000000 5.619208
416 416 0.000000 6.304208
42 42 0.000000 5.677271
421 421 0.000000 5.572771
422 422 0.000000 4.760083
424 424 0.000000 7.500042
425 425 0.000000 9.206708
426 426 0.000000 6.710562
427 427 0.000000 4.516271
429 429 0.000000 7.383938
43 43 0.000000 5.294146
430 430 0.000000 6.130063
431 431 0.000000 6.791833
432 432 0.000000 7.476813
433 433 0.000000 5.445062
434 434 0.000000 6.907917
436 436 0.000000 6.989187
438 438 0.000000 8.844167
440 440 0.000000 8.974500
441 441 0.000667 6.211333
442 442 0.000000 7.430375
443 443 0.000000 5.108375
445 445 0.000000 4.922625
446 446 0.000000 10.460583
448 448 0.000000 4.934229
449 449 0.000000 5.677271
45 45 0.000000 4.551104
450 450 0.000000 7.418771
452 452 0.000000 7.047250
453 453 0.000000 4.702021
454 454 0.000000 5.909458
459 459 0.000000 7.209792
46 46 0.000000 8.312729
460 460 0.000000 8.405604
461 461 0.000000 5.340583
462 462 0.000000 4.911000
463 463 0.000000 5.120000
465 465 0.000000 5.851417
466 466 0.000000 5.723708
467 467 0.000000 3.482979
469 469 0.000000 6.489958
470 470 0.000000 4.504667
472 472 0.000000 5.572771
473 473 0.000000 4.609146
474 474 0.000000 5.712104
475 475 0.000000 6.582854
476 476 0.000000 8.591375
479 479 0.000000 5.015500
48 48 0.000000 4.658313
480 480 0.000000 6.420312
481 481 0.000000 6.794146
482 482 0.000000 5.027104
483 483 0.000000 5.619208
484 484 0.000000 5.990729
485 485 0.000000 5.096771
487 487 0.000000 5.665667
488 488 0.000000 4.342125
489 489 0.000000 7.093687
49 49 0.000000 3.842896
490 490 0.000667 4.443708
492 492 0.000000 4.632375
493 493 0.000000 4.922625
495 495 0.000000 6.188104
496 496 0.000000 5.363792
497 497 0.000000 5.816583
499 499 0.000000 5.445062
5 5 0.000000 6.733771
50 50 0.000000 4.678813
500 500 0.000000 7.198167
501 501 0.000000 4.458229
502 502 0.000000 3.773229
503 503 0.000000 3.390104
505 505 0.000000 4.435000
506 506 0.000000 6.524792
507 507 0.000000 5.839812
509 509 0.000000 6.687333
51 51 0.000000 5.027104
510 510 0.000000 6.176500
513 513 0.000000 5.363792
515 515 0.000000 5.897854
518 518 0.000000 7.302667
519 519 0.000000 5.735313
52 52 0.000000 6.536417
522 522 0.000000 5.607604
523 523 0.000667 3.413333
524 524 0.000000 6.652500
525 525 0.000000 6.153271
528 528 0.000000 8.254687
530 530 0.000000 6.141667
534 534 0.000000 4.109917
535 535 0.000000 5.596000
536 536 0.000000 3.970604
537 537 0.000000 5.654042
552 552 0.000000 7.546479
557 557 0.000000 10.019396
558 558 0.000000 5.735313
561 561 0.000000 6.919542
562 562 0.000000 7.720625
564 564 0.000000 4.516271
566 566 0.000000 5.282521
567 567 0.000000 7.058854
569 569 0.000000 6.989187
570 570 0.000000 7.279438
571 571 0.000000 5.979125
572 572 0.000000 6.106833
574 574 0.000000 4.702021
577 577 0.000000 7.070458
578 578 0.000000 6.965979
579 579 0.000000 5.491500
58 58 0.000000 3.564250
580 580 0.000000 5.793375
583 583 0.000000 4.585938
584 584 0.000000 3.854500
585 585 0.000000 4.342125
586 586 0.000000 5.712104
587 587 0.000000 5.781750
590 590 0.000000 4.760083
591 591 0.000000 7.233000
592 592 0.000000 7.407146
593 593 0.000000 4.249250
595 595 0.000000 5.073542
596 596 0.000000 6.199708
598 598 0.000667 13.804250
599 599 0.000000 10.692771
6 6 0.000000 8.347563
60 60 0.000000 7.093687
601 601 0.000000 6.617667
602 602 0.000000 5.236083
603 603 0.000000 7.407146
604 604 0.000000 5.630833
605 605 0.000000 7.372333
606 606 0.000000 8.277896
607 607 0.000000 4.945833
608 608 0.000000 4.388562
609 609 0.000000 5.921083
61 61 0.000000 3.784833
610 610 0.000000 6.919542
611 611 0.000000 8.904833
613 613 0.000000 5.456688
614 614 0.000000 7.558083
617 617 0.000000 9.798813
619 619 0.000000 6.060396
62 62 0.000000 3.111458
620 620 0.000000 4.980667
621 621 0.000000 4.527875
622 622 0.000000 7.650958
623 623 0.000000 5.166437
624 624 0.000000 6.315812
625 625 0.000000 7.569687
626 626 0.000000 9.520167
627 627 0.000000 6.304208
629 629 0.000000 11.969875
63 63 0.000000 6.838271
630 630 0.000000 4.133146
631 631 0.000000 5.456688
632 632 0.000000 5.596000
633 633 0.000000 5.503125
636 636 0.000000 6.397083
639 639 0.000000 6.733771
640 640 0.000000 7.546479
641 641 0.000000 5.317354
643 643 0.000000 8.594938
644 644 0.000000 5.950146
645 645 0.000000 4.887792
646 646 0.000000 5.828208
647 647 0.000000 5.479896
648 648 0.000000 4.922625
649 649 0.000000 12.608417
65 65 0.000000 3.877729
650 650 0.000000 5.839812
651 651 0.000000 7.743854
655 655 0.000000 6.025563
656 656 0.000000 5.572771
658 658 0.000000 4.995542
659 659 0.000000 5.073542
660 660 0.000000 5.584396
661 661 0.000000 5.596000
665 665 0.000000 5.096771
666 666 0.000000 5.814958
667 667 0.000000 6.838271
668 668 0.000000 6.977583
669 669 0.000000 4.516271
670 670 0.000000 4.643979
671 671 0.000000 6.571229
674 674 0.000000 4.894938
675 675 0.000000 4.005438
676 676 0.000000 9.125438
677 677 0.000000 6.280979
679 679 0.000000 13.165708
68 68 0.000000 4.551104
680 680 0.000000 5.758542
681 681 0.000000 7.256229
684 684 0.000000 9.538375
685 685 0.000000 9.705937
686 686 0.000000 6.675729
688 688 0.000000 6.234542
69 69 0.000000 7.058771
690 690 0.000000 9.218312
691 691 0.000000 4.771687
693 693 0.000000 6.664125
694 694 0.000000 7.024021
696 696 0.000000 4.794917
697 697 0.000000 10.031000
699 699 0.000000 4.655583
70 70 0.000000 4.226021
701 701 0.000000 10.507021
702 702 0.000000 5.642437
706 706 0.000000 6.199708
707 707 0.000000 8.614583
708 708 0.000000 10.994646
71 71 0.000000 5.851417
711 711 0.000667 3.951000
712 712 0.000000 4.307292
713 713 0.000000 5.712104
714 714 0.000000 4.643979
715 715 0.000000 7.151729
716 716 0.000000 7.523250
717 717 0.000000 4.400167
718 718 0.000000 6.594458
719 719 0.000000 9.914917
72 72 0.000000 3.529417
720 720 0.000000 5.886250
721 721 0.000000 6.965979
723 723 0.000000 9.044167
724 724 0.000000 5.561167
725 725 0.000000 4.643979
726 726 0.000000 8.417229
727 727 0.000000 6.536417
728 728 0.000000 7.395542
729 729 0.000000 4.725250
730 730 0.000000 5.932688
731 731 0.000000 6.455146
732 732 0.000000 5.328979
733 733 0.000000 7.639354
735 735 0.000000 6.849875
736 736 0.000000 4.794917
74 74 0.000000 5.723708
740 740 0.000000 8.301125
741 741 0.000000 7.349104
744 744 0.000000 8.649417
746 746 0.000000 6.745396
747 747 0.000000 5.398625
749 749 0.000000 6.257771
75 75 0.000000 8.103750
750 750 0.000000 5.955917
751 751 0.000000 5.851417
752 752 0.000000 8.684250
753 753 0.000000 6.141667
754 754 0.000000 6.420312
755 755 0.000000 6.629292
756 756 0.000000 5.131604
757 757 0.000000 8.208250
758 758 0.000000 6.675729
759 759 0.000000 5.479896
76 76 0.000000 7.662583
761 761 0.000000 7.070458
762 762 0.000000 4.179583
763 763 0.000000 9.055771
765 765 0.000000 4.063479
766 766 0.000000 10.216771
767 767 0.000000 5.685583
768 768 0.000000 8.846792
769 769 0.000000 7.616125
77 77 0.000000 7.198167
771 771 0.000000 6.896312
772 772 0.000000 5.224479
773 773 0.000000 5.445062
774 774 0.000000 7.360708
775 775 0.000000 5.003896
776 776 0.000000 8.544937
777 777 0.000000 8.579771
78 78 0.000000 5.178042
780 780 0.000000 4.852958
781 781 0.000000 4.620771
782 782 0.000000 7.476813
783 783 0.000000 3.993813
784 784 0.000000 4.481438
785 785 0.000000 6.431917
786 786 0.000000 7.616125
787 787 0.000000 5.410229
788 788 0.000000 6.234542
79 79 0.000000 7.952833
790 790 0.000000 4.237625
791 791 0.000000 3.970604
792 792 0.000000 4.934229
793 793 0.000000 3.227562
795 795 0.000000 6.594458
798 798 0.000000 5.015500
799 799 0.000000 6.582854
8 8 0.000000 9.822021
80 80 0.000000 5.919333
802 802 0.000000 4.852958
803 803 0.000000 6.571229
804 804 0.000000 5.619208
805 805 0.000000 4.435000
810 810 0.000000 4.400167
811 811 0.000000 6.304208
812 812 0.000000 6.385479
813 813 0.000000 3.599083
82 82 0.000000 9.380854
83 83 0.000000 7.256229
86 86 0.000000 9.067375
87 87 0.000000 7.604521
90 90 0.000000 8.881625
91 91 0.000000 6.072000
93 93 0.000000 6.873104
94 94 0.000000 8.765521
95 95 0.000000 6.037187
96 96 0.000000 6.907917
98 98 0.000000 5.886250
99 99 0.000000 8.661042
